<svg width="412" height="289" viewBox="0 0 412 289" fill="none" xmlns="http://www.w3.org/2000/svg">
<path d="M239.277 135.146C239.277 135.146 244.18 137.222 245.027 137.222C245.874 137.222 250.777 136.184 250.777 136.184C250.777 136.184 247.379 146.423 247.055 146.927C246.731 147.431 241.733 149.356 241.733 149.356L234.749 145.042L235.095 137.172L239.277 135.146Z" fill="#FFB292"/>
<path d="M239.527 132.868C239.527 132.868 241.806 133.492 241.513 134.692C241.22 135.891 240.499 138.471 238.481 141.625C236.464 144.779 235.742 145.757 235.282 145.857C234.822 145.968 231.884 144.457 231.884 144.457L239.527 132.868Z" fill="#1B6003"/>
<path d="M174.717 62.4595C174.717 62.4595 201.638 102.144 206.342 106.004C211.047 109.863 241.543 132.537 241.543 132.537C241.543 132.537 235.971 142.111 234.047 143.119C232.134 144.126 205.464 129.151 194.058 120.021C182.652 110.891 157.236 86.8467 157.236 86.8467L174.717 62.4595Z" fill="#F57F25"/>
<path d="M118.072 284.202C118.605 283.819 119.306 283.487 119.735 282.963C121.93 280.302 118.94 279.486 116.682 279.738C114.455 279.99 114.706 279.153 114.131 277.239C113.19 274.105 112.082 270.91 111.444 267.705C110.43 262.647 109.98 257.547 109.708 252.418C109.698 252.277 109.698 252.126 109.782 252.015C109.865 251.904 110.022 251.864 110.158 251.834C111.235 251.612 112.531 251.4 112.981 250.423C113.964 248.276 110.984 247.964 109.918 247.127C108.862 246.301 109.834 241.605 109.907 240.416C110.075 237.695 110.315 234.974 110.649 232.263C110.89 230.308 111.172 228.363 111.517 226.429C111.726 225.209 111.81 222.146 112.678 221.229C113.545 220.312 115.595 220.926 115.919 219.304C116.159 218.115 114.852 217.732 114.371 216.805C113.723 215.555 114.403 214.326 114.894 212.854C115.94 209.73 117.173 206.667 118.647 203.704C119.735 201.517 122.087 195.34 124.837 194.937C125.516 194.836 129.604 194.705 129.614 193.496C129.614 192.851 129.729 192.367 129.468 191.762C129.071 190.835 128.182 190.866 128.297 189.737C128.391 188.87 129.719 187.792 130.325 187.238C132.04 185.676 134.11 184.487 136.096 183.277C139.41 181.252 143.059 179.68 146.844 178.692C154.235 176.757 202.024 178.289 206.394 179.256C208.694 179.76 210.931 181.111 212.907 182.28C214.768 183.378 216.545 184.587 218.26 185.887C219.138 186.552 221.051 187.308 221.375 188.427C221.919 190.271 219.556 191.027 219.473 192.649C219.358 195.138 222.421 195.36 224.324 195.481C226.425 195.612 228.579 195.723 230.032 197.376C231.569 199.129 232.844 201.558 234.036 203.553C236.2 207.161 238.197 210.899 239.619 214.84C239.974 215.817 241.532 219.153 240.821 219.999C240.57 220.291 238.741 220.402 238.27 220.594C236.744 221.219 234.507 222.831 235.343 224.736C235.96 226.126 238.113 226.358 239.441 226.64C243.633 227.557 243.184 229.16 243.613 233.08C243.978 236.486 244.146 239.912 244.125 243.338C244.114 246.271 244.052 249.234 243.749 252.156C243.822 251.4 239.274 253.164 238.887 253.658C237.685 255.22 238.343 257.033 240.027 257.961C240.706 258.333 242.149 258.384 242.693 259.039C243.54 260.077 242.63 261.79 242.442 262.878C241.971 265.549 241.386 268.199 240.685 270.829C239.964 273.52 239.117 276.18 238.124 278.801C237.664 280.01 237.277 281.844 236.451 282.862C235.061 284.575 232.74 282.459 230.753 282.842C229.122 283.164 227.878 284.444 228.276 286.076C228.715 287.9 230.304 288.364 231.464 289.583C232.426 290.601 232.426 289.876 231.977 291.286C231.673 292.254 230.659 293.322 230.063 294.158C227.91 297.202 225.474 300.084 222.703 302.634C219.682 305.425 215.657 308.771 211.37 309.486C204 310.695 155.228 312.489 147.053 311.129C141.763 310.252 136.682 307.138 132.563 303.984C129.165 301.384 126.133 298.341 123.509 295.015C121.93 293.01 120.498 290.903 119.201 288.707C118.762 287.961 117.257 286.097 117.319 285.26C117.393 284.797 117.685 284.484 118.072 284.202Z" fill="#36312F"/>
<path d="M158.775 255.824L211.226 257.316C211.226 257.316 211.404 235.649 211.226 234.652C211.049 233.654 190.139 195.693 188.571 193.345C187.003 190.997 173.756 172.686 169.575 173.019C165.393 173.351 142.57 170.016 138.555 171.094C134.551 172.172 109.167 177.624 109.167 177.624C109.167 177.624 123.752 191.158 124.797 192.337C125.842 193.516 158.775 255.824 158.775 255.824Z" fill="#29536B"/>
<path d="M223.333 278.366C223.333 278.366 202.423 277.741 201.639 278.366C200.855 278.991 200.51 289.068 196.067 290.076C191.624 291.084 118.785 291.567 118.785 291.567C118.785 291.567 42.9886 206.686 36.9771 204.67C30.9656 202.655 29.9201 189.05 29.9201 189.05C29.9201 189.05 74.0914 177.713 74.8755 177.713C75.6596 177.713 126.365 191.822 126.627 193.837C126.888 195.853 145.445 228.352 146.229 232.383C147.013 236.414 154.854 257.828 154.854 257.828C154.854 257.828 208.174 261.355 208.958 261.355C209.742 261.355 234.049 263.119 234.049 263.119L223.333 278.366Z" fill="#A69690"/>
<path d="M105.977 65.8652C105.977 65.8652 51.6126 65.8652 47.1693 67.6288C42.726 69.3923 43.5101 107.434 45.3397 121.039C47.1693 134.643 53.9649 163.102 61.8059 168.392C69.647 173.693 134.989 187.297 143.353 188.426C151.717 189.555 174.456 183.266 174.456 183.266L169.228 126.652L105.977 65.8652Z" fill="#36312F"/>
<path d="M354.206 248.052C358.597 246.903 386.981 247.81 389.585 248.385C392.188 248.959 412.125 258.402 411.999 286.457C411.874 314.512 396.924 325.033 392.543 325.749C388.162 326.474 359.192 327.532 354.341 326.726C349.48 325.92 331.257 317.445 332.125 287.646C333.076 255.247 349.815 249.211 354.206 248.052Z" fill="#36312F"/>
<path d="M352.605 309.816C346.865 309.816 342.213 299.718 342.213 287.263C342.213 274.807 346.865 264.709 352.605 264.709C358.344 264.709 362.996 274.807 362.996 287.263C362.996 299.718 358.344 309.816 352.605 309.816Z" fill="white"/>
<path d="M171.664 144.135C171.664 144.135 213.389 154.636 219.881 162.607C226.373 170.578 234.748 188.566 234.748 188.566C234.748 188.566 218.543 207.623 217.497 207.623C216.452 207.623 178.815 175.879 175.501 173.863C172.187 171.848 146.207 151.018 146.207 151.018C146.207 151.018 162.61 143.127 163.656 143.127C164.701 143.127 171.664 144.135 171.664 144.135Z" fill="#D9C08D"/>
<path d="M344.942 283.785C345.235 280.137 345.59 276.459 346.866 272.982C347.42 271.46 348.006 270.442 349.124 269.263C349.48 268.89 350.149 267.842 350.713 267.923C350.943 267.329 351.884 267.601 351.738 268.215C351.738 268.235 351.727 268.246 351.727 268.266C351.696 268.427 351.529 268.578 351.362 268.608C350.776 268.719 349.229 270.493 348.915 270.916C347.964 272.196 347.43 274.231 347.044 275.753C346.197 279.089 345.957 282.817 345.957 286.234C345.957 290.013 346.322 293.459 347.222 297.137C347.953 300.13 349.417 303.728 351.477 306.136C351.905 306.63 351.152 307.336 350.724 306.842C348.497 304.242 346.992 300.644 346.207 297.399C345.099 292.905 344.576 288.441 344.942 283.785Z" fill="#F2C588"/>
<path d="M150.412 144.8C151.458 144.629 191.709 164.622 198.211 172.19C203.648 178.519 232.607 234.488 232.607 234.488L208.196 247.498C208.196 247.498 178.452 186.752 172.022 185.522C165.593 184.293 123.93 172.341 120.752 167.806C115.452 160.228 112.775 148.66 112.775 148.66L150.412 144.8Z" fill="#F2E2C2"/>
<path d="M212.494 117.39C222.917 109.822 238.223 103.886 250.183 109.933C251.751 110.729 253.215 111.726 254.521 112.885C254.762 113.097 254.992 113.309 255.222 113.53C261.693 119.829 261.087 128.848 257.219 136.345C249.587 151.159 231.95 162.748 214.804 164.018C207.59 164.552 199.331 162.365 195.442 155.926C191.281 149.023 193.163 140.941 196.948 134.32C200 128.999 204.203 124.263 208.897 120.232C210.005 119.264 211.208 118.317 212.494 117.39ZM203.921 152.389C208.74 157.77 217.439 157.891 224.067 156.208C234.668 153.517 244.422 146.05 249.461 136.628C251.542 132.738 252.734 127.88 251.594 123.557C249.399 115.223 239.759 113.601 232.169 115.032C224.067 116.554 216.686 120.786 210.925 126.409C206.2 131.025 201.631 136.97 201.098 143.652C200.795 147.179 201.903 150.151 203.921 152.389Z" fill="#36312F"/>
<path d="M244.954 168.532L254.437 161.7L231.468 139.368L227.171 142.754L244.954 168.532Z" fill="#36312F"/>
<path d="M231.113 144.437L249.785 116.976L246.283 114.77L229.67 139.207L206.377 127.81L204.485 131.397L231.113 144.437Z" fill="#36312F"/>
<path d="M206.619 159.984L230.748 144.032L244.423 148.033L245.636 144.173L230.037 139.608L204.245 156.659L206.619 159.984Z" fill="#36312F"/>
<path d="M376.547 267.916C376.547 267.916 373.62 275.726 369.438 276.23C365.256 276.733 358.68 276.23 359.349 277.489C360.018 278.749 359.715 289.078 357.258 290.086C354.801 291.094 267.243 291.849 267.243 291.849C267.243 291.849 257.311 281.772 247.901 281.268C238.492 280.764 237.185 264.893 237.185 264.893L376.547 267.916Z" fill="#A69690"/>
<path d="M260.53 153.709C260.53 153.709 258.69 150.011 256.494 150.071C254.299 150.132 230.974 151.835 219.014 170.881C209.876 185.433 210.148 196.195 210.148 196.195C210.148 196.195 226.991 191.832 228.036 191.328C229.082 190.824 260.53 153.709 260.53 153.709Z" fill="#A69690"/>
<path d="M208.235 228.109C208.528 251.821 209.479 268.419 210.002 269.094C210.525 269.759 304.356 269.93 304.356 269.93L365.088 168.733C365.088 168.733 263.844 153.708 260.53 153.708C257.226 153.708 228.266 163.181 216.62 181.249C214.748 184.162 213.254 186.923 212.083 189.906C210.159 194.773 209.092 200.205 208.58 207.793C208.214 213.255 208.131 219.836 208.235 228.109Z" fill="#3F6C85"/>
<path d="M381.983 183.518C385.381 187.549 385.381 268.923 381.983 269.931C378.585 270.939 305.402 273.962 304.357 269.931C303.311 265.9 300.436 187.549 305.402 183.518C310.368 179.487 378.585 179.487 381.983 183.518Z" fill="#36312F"/>
<path d="M375.366 188.225C377.457 189.566 377.279 200.238 375.544 200.318C372.543 200.459 313.777 202.334 312.899 200.49C312.031 198.645 311.414 188.568 313.861 188.064C316.297 187.55 373.275 186.875 375.366 188.225Z" fill="#A69690"/>
<path d="M375.366 259.883C377.457 260.558 377.279 265.889 375.544 265.929C372.543 266 313.777 266.937 312.899 266.01C312.031 265.083 311.414 260.044 313.861 259.792C316.297 259.54 373.275 259.208 375.366 259.883Z" fill="#A69690"/>
<path d="M372.051 196.195H376.233V263.381H372.051V196.195Z" fill="#A69690"/>
<path d="M357.259 196.195H361.44V263.381H357.259V196.195Z" fill="#A69690"/>
<path d="M342.475 196.195H346.657V263.381H342.475V196.195Z" fill="#A69690"/>
<path d="M327.683 196.195H331.864V263.381H327.683V196.195Z" fill="#A69690"/>
<path d="M312.89 196.195H317.072V263.381H312.89V196.195Z" fill="#A69690"/>
<path d="M376.547 183.265C376.547 183.265 372.888 169.913 366.615 168.905C360.342 167.897 322.485 168.603 319.171 169.157C313.892 170.044 310.546 183.265 310.546 183.265H376.547Z" fill="#36312F"/>
<path d="M210.003 269.094C210.003 269.094 152.502 270.273 149.888 269.094C147.275 267.915 141.786 208.207 108.853 191.831C75.3146 175.153 34.3634 191.076 28.6133 191.831C22.8632 192.587 23.1245 180.746 23.6473 179.235C24.17 177.723 80.1028 160.088 118.263 182.006C153.819 202.433 162.695 250.028 164.263 251.54C165.832 253.051 212.094 252.295 212.094 252.295L218.105 261.365L210.003 269.094Z" fill="#3F6C85"/>
<path d="M241.986 250.069C246.377 248.92 274.762 249.827 277.365 250.402C279.958 250.976 299.905 260.419 299.78 288.474C299.655 316.529 284.704 327.05 280.324 327.766C275.943 328.491 246.973 329.549 242.122 328.743C237.261 327.937 219.038 319.462 219.906 289.663C220.857 257.265 237.595 251.228 241.986 250.069Z" fill="#36312F"/>
<path d="M240.385 311.834C234.645 311.834 229.993 301.736 229.993 289.281C229.993 276.825 234.645 266.728 240.385 266.728C246.124 266.728 250.777 276.825 250.777 289.281C250.777 301.736 246.124 311.834 240.385 311.834Z" fill="white"/>
<path d="M232.722 285.804C233.015 282.156 233.371 278.478 234.646 275.001C235.2 273.48 235.786 272.462 236.905 271.283C237.26 270.91 237.929 269.862 238.494 269.943C238.724 269.348 239.665 269.62 239.518 270.235C239.518 270.255 239.508 270.265 239.508 270.285C239.466 270.446 239.309 270.598 239.142 270.628C238.556 270.739 237.009 272.512 236.695 272.936C235.744 274.215 235.211 276.251 234.824 277.773C233.977 281.108 233.737 284.837 233.737 288.253C233.737 292.032 234.102 295.479 235.002 299.157C235.733 302.15 237.197 305.747 239.257 308.156C239.686 308.65 238.933 309.355 238.504 308.861C236.277 306.261 234.772 302.664 233.988 299.419C232.89 294.924 232.357 290.46 232.722 285.804Z" fill="#F2C588"/>
<path d="M238.23 288.422C238.282 288.029 238.366 287.646 238.47 287.333C238.794 286.366 240.039 285.348 241.053 286.124C241.816 286.719 241.941 288.049 241.868 288.915C241.805 289.792 241.69 290.911 240.791 291.395C239.767 291.939 238.69 291.153 238.345 290.195C238.167 289.702 238.157 289.046 238.23 288.422Z" fill="#F2C588"/>
<path d="M172.692 140.747C172.692 140.747 175.943 144.667 172.692 149.172C169.88 153.062 159.017 155.017 146.21 156.024C133.403 157.032 119.708 156.377 116.163 154.442C113.926 153.213 111.992 150.069 111.992 150.069L172.692 140.747Z" fill="#1B6003"/>
<path d="M8.64365 296.859C9.17683 296.476 9.8774 296.144 10.306 295.62C12.5015 292.959 9.51131 292.143 7.25308 292.395C5.02621 292.647 5.27719 291.811 4.70218 289.896C3.76126 286.762 2.65298 283.567 2.01524 280.363C1.00113 275.304 0.551666 270.205 0.279846 265.075C0.269394 264.934 0.26947 264.783 0.353104 264.672C0.436737 264.561 0.593414 264.521 0.729324 264.491C1.80617 264.269 3.10277 264.057 3.55232 263.08C4.53506 260.934 1.55528 260.621 0.488892 259.785C-0.567032 258.958 0.405243 254.262 0.478424 253.073C0.645706 250.352 0.886124 247.631 1.22067 244.921C1.46114 242.966 1.74348 241.021 2.0885 239.086C2.29759 237.866 2.38135 234.803 3.24908 233.886C4.11684 232.969 6.1658 233.584 6.4899 231.961C6.73036 230.772 5.42354 230.389 4.94263 229.462C4.29443 228.212 4.97398 226.983 5.46536 225.512C6.51083 222.388 7.74458 219.324 9.2187 216.361C10.306 214.175 12.6582 207.997 15.4078 207.594C16.0874 207.493 20.1753 207.362 20.1857 206.153C20.1857 205.508 20.3006 205.024 20.0392 204.42C19.6419 203.493 18.7534 203.523 18.8684 202.394C18.9625 201.527 20.2902 200.449 20.8966 199.895C22.6112 198.333 24.6812 197.144 26.6676 195.935C29.9818 193.909 33.6305 192.337 37.4151 191.349C44.8066 189.415 92.5952 190.946 96.9653 191.914C99.2653 192.418 101.503 193.768 103.479 194.937C105.34 196.035 107.117 197.245 108.832 198.545C109.71 199.21 111.623 199.965 111.947 201.084C112.491 202.928 110.128 203.684 110.044 205.306C109.929 207.796 112.993 208.017 114.895 208.138C116.997 208.269 119.15 208.38 120.604 210.033C122.14 211.786 123.416 214.215 124.608 216.21C126.772 219.818 128.769 223.557 130.191 227.497C130.546 228.474 132.104 231.81 131.393 232.656C131.142 232.949 129.312 233.06 128.842 233.251C127.315 233.876 125.078 235.488 125.914 237.393C126.531 238.783 128.685 239.015 130.013 239.297C134.205 240.214 133.756 241.817 134.184 245.737C134.55 249.143 134.717 252.569 134.697 255.996C134.686 258.928 134.623 261.891 134.32 264.813C134.393 264.057 129.846 265.821 129.459 266.315C128.256 267.877 128.915 269.691 130.598 270.618C131.278 270.991 132.72 271.041 133.264 271.696C134.111 272.734 133.201 274.447 133.013 275.536C132.543 278.206 131.957 280.856 131.257 283.487C130.536 286.177 129.689 288.838 128.696 291.458C128.236 292.667 127.849 294.501 127.023 295.519C125.632 297.232 123.311 295.116 121.325 295.499C119.694 295.821 118.45 297.101 118.847 298.734C119.286 300.558 120.875 301.021 122.036 302.241C122.998 303.258 122.998 302.533 122.548 303.944C122.245 304.911 121.231 305.979 120.635 306.816C118.481 309.859 116.045 312.741 113.275 315.291C110.253 318.082 106.228 321.428 101.942 322.143C94.5712 323.353 45.7998 325.146 37.6242 323.786C32.3341 322.909 27.2532 319.795 23.134 316.641C19.7362 314.041 16.7042 310.998 14.0801 307.672C12.5014 305.667 11.0692 303.561 9.77283 301.364C9.33374 300.618 7.8282 298.754 7.89093 297.917C7.96412 297.454 8.25682 297.141 8.64365 296.859Z" fill="#36312F"/>
<path d="M38.1451 295.276C28.4853 295.276 20.6545 278.28 20.6545 257.314C20.6545 236.349 28.4853 219.353 38.1451 219.353C47.8049 219.353 55.6357 236.349 55.6357 257.314C55.6357 278.28 47.8049 295.276 38.1451 295.276Z" fill="white"/>
<path d="M35.8995 253.989C35.9727 253.364 36.1085 252.76 36.2757 252.266C36.788 250.734 38.7432 249.132 40.3532 250.361C41.566 251.288 41.7437 253.395 41.6391 254.765C41.5346 256.146 41.3567 257.909 39.9349 258.675C38.3144 259.542 36.6103 258.282 36.0772 256.791C35.8053 256.015 35.7845 254.967 35.8995 253.989Z" fill="#F2C588"/>
<path d="M23.6657 249.957C23.9166 245.483 24.9514 241.079 26.3524 236.817C27.4292 233.541 28.9453 230.014 30.2208 227.989C32.4058 224.482 34.8939 222.436 38.1453 221.318C38.7831 221.096 39.0549 222.073 38.4276 222.285C35.0194 223.464 32.8972 226.558 31.2349 229.369C27.4921 235.708 24.7006 246.279 24.9202 255.954C25.1502 266.031 25.746 269.266 27.3664 275.604C28.3283 279.393 29.6667 283.021 32.0085 286.206C34.319 289.35 36.7027 292.373 41.1669 292.343C41.836 292.333 41.836 293.34 41.1669 293.351C35.7827 293.391 31.904 288.896 29.6248 284.624C26.7916 279.313 25.0665 273.357 24.3765 267.482C23.9061 263.552 23.122 259.914 23.6657 249.957Z" fill="#F2C588"/>
<path d="M134.102 20.1629C137.05 18.0265 136.485 24.7783 136.736 25.9775C137.248 28.4263 136.82 30.9456 137.144 33.4247C137.311 34.7045 137.688 36.9718 136.83 38.1207C136.705 38.292 136.475 38.3726 136.266 38.3424C135.963 38.4331 135.576 38.2819 135.586 37.8788C135.607 36.7804 134.854 35.9339 134.52 34.9262C134.081 33.6161 134.122 32.1348 133.004 31.1069C132.418 30.5728 131.582 30.4821 131.164 29.7868C130.86 29.2829 130.871 28.4968 130.798 27.9325C130.484 25.262 131.781 21.8458 134.102 20.1629ZM135.304 31.2379C135.283 31.248 135.273 31.258 135.252 31.2681C135.22 31.2782 135.189 31.2782 135.157 31.2782C135.147 31.3386 135.157 31.3991 135.137 31.4596C135.095 31.6208 134.938 31.772 134.771 31.8123C134.76 31.8123 134.739 31.8123 134.729 31.8123C134.98 32.296 135.178 32.7999 135.304 33.3239C135.283 32.6286 135.293 31.9433 135.304 31.2379Z" fill="#662910"/>
<path d="M159.862 10.1156C159.862 10.1156 152.355 1.963 145.142 0.310313C137.949 -1.32222 130.244 3.77695 128.811 8.81562C127.379 13.8442 129.533 20.7875 129.919 22.1076C130.306 23.4278 130.902 25.6347 130.902 25.6347C130.902 25.6347 134.938 17.8248 142.037 14.6101C149.135 11.3954 159.862 10.1156 159.862 10.1156Z" fill="#F26555"/>
<path d="M161.001 16.4845C161.001 16.4845 160.771 19.9208 160.322 24.2843C160.301 24.5363 160.27 24.7781 160.249 25.0401C160.228 25.3324 160.196 25.6246 160.165 25.9269C160.144 26.1386 160.123 26.3502 160.102 26.5618C159.611 31.1571 158.921 36.2663 158.137 39.3903C156.819 44.6305 153.098 46.1219 149.491 46.0514C146.417 45.9909 141.033 43.2902 139.569 41.6073C138.106 39.9345 135.722 32.8602 135.722 32.8602C135.722 32.8602 135.23 21.4728 135.314 21.2309C135.387 20.979 138.89 16.4542 140.918 15.5372C142.946 14.6202 149.752 12.2822 149.752 12.2822L161.001 16.4845Z" fill="#FFB292"/>
<path d="M150.644 40.308C150.644 40.308 150.601 40.308 150.644 40.308C148.04 40.308 146.087 39.0494 146.001 39.006C145.827 38.8758 145.784 38.6589 145.914 38.4853C146.044 38.3117 146.261 38.2682 146.435 38.3984C146.435 38.3984 148.257 39.5702 150.644 39.5702C153.031 39.5702 154.42 38.6588 154.42 38.6154C154.593 38.4852 154.81 38.5287 154.941 38.7023C155.071 38.8759 155.027 39.0928 154.854 39.223C154.724 39.3098 153.205 40.308 150.644 40.308Z" fill="#CF7C69"/>
<path d="M151.578 36.3694C151.491 36.3694 151.404 36.326 151.317 36.2826C151.187 36.1524 151.187 35.892 151.317 35.7618C151.534 35.5448 152.055 34.8505 152.012 34.3297C151.925 33.6787 150.84 30.8578 150.449 29.8163C150.362 29.6427 150.449 29.4257 150.666 29.3389C150.84 29.2521 151.057 29.3389 151.144 29.5559C151.317 29.9465 152.619 33.4183 152.749 34.2429C152.88 35.1976 151.968 36.1524 151.838 36.2826C151.751 36.326 151.664 36.3694 151.578 36.3694Z" fill="#CF7C69"/>
<path d="M136.64 26.4512C136.64 26.4512 132.918 24.3349 130.932 26.9046C128.935 29.4744 131.841 33.7069 134.058 34.362C136.264 35.017 139.797 35.2891 139.797 35.2891L136.64 26.4512Z" fill="#FFB292"/>
<path d="M130.68 53.8608L136.765 61.9429L143.132 61.6507L147.094 55.9973L148.6 49.971L148.788 49.2354L149.572 46.061L149.781 45.2347L150.293 43.2192L135.218 34.0791L130.68 53.8608Z" fill="#FFB292"/>
<path opacity="0.5" d="M143.772 48.3485C144.933 48.9129 147.149 49.578 148.602 49.971L148.79 49.2353L149.575 46.061C148.926 45.9501 146.271 45.4261 144.441 44.2068C142.34 42.8161 140.845 42.7053 140.301 43.0177C139.768 43.3301 139.548 46.2827 143.772 48.3485Z" fill="#CF7C69"/>
<path d="M146.469 26.9643C146.239 26.8534 145.894 26.9139 145.758 27.1356C145.486 27.569 145.486 28.5264 145.915 28.8488C146.323 29.1512 146.887 28.8186 146.971 28.3651C147.054 27.9317 146.908 27.2263 146.5 26.9845C146.5 26.9845 146.479 26.9744 146.469 26.9643Z" fill="#36312F"/>
<path d="M158.27 28.1253C158.134 27.9943 157.935 27.8431 157.726 27.9338C157.078 28.216 157.109 29.3446 157.538 29.7578C157.873 30.0803 158.427 29.8485 158.562 29.4454C158.698 29.0524 158.594 28.4478 158.27 28.1253Z" fill="#36312F"/>
<path d="M148.884 24.0541C148.257 23.0262 146.887 22.9254 145.769 23.1269C145.277 23.2176 142.413 23.8928 143.082 24.699C143.563 25.2835 144.671 24.951 145.361 24.9107C145.905 24.8905 149.647 25.3138 148.884 24.0541Z" fill="#662910"/>
<path d="M160.311 24.2835C160.29 24.5355 160.259 24.7773 160.238 25.0393C160.217 25.3316 160.186 25.6238 160.154 25.9261C160.102 25.9161 160.06 25.906 160.008 25.906C159.454 25.8656 155.711 26.1781 156.505 24.9386C157.164 23.9309 158.544 23.8805 159.652 24.1122C159.778 24.1324 160.018 24.1928 160.311 24.2835Z" fill="#662910"/>
<path d="M132.793 21.512C133.148 20.6655 132.939 19.4159 133.462 18.65C133.797 17.612 134.403 16.6748 135.166 15.8183C135.511 15.4353 136.002 15.2842 136.368 14.9819C136.954 14.4982 137.748 13.9842 138.501 13.7726C138.982 13.6416 140.174 13.7524 139.735 14.5183C139.63 14.6997 139.411 14.8106 139.202 14.7904C139.066 14.7803 138.94 14.7098 138.804 14.7199C138.637 14.7199 138.491 14.8206 138.355 14.9214C138.041 15.1834 137.801 15.5159 137.665 15.8888C137.612 16.0198 137.581 16.1609 137.497 16.2718C137.33 16.4935 137.017 16.564 136.734 16.5842C136.264 16.6245 135.961 16.6446 135.657 16.9974C135.417 17.4206 135.574 18.2167 135.281 18.6702C135.009 19.0833 134.518 19.2748 134.309 19.7384C134.298 19.7585 134.298 19.7787 134.288 19.7988C134.256 20.0205 134.215 20.2322 134.215 20.4741C134.215 20.5648 134.194 20.6454 134.152 20.7058C134.142 20.9678 134.121 21.2399 134.026 21.4717C133.817 21.9957 132.699 23.3461 133.953 23.4066C134.623 23.4368 134.623 24.4445 133.953 24.4143C133.263 24.3841 132.636 24.0011 132.385 23.3562C132.009 22.4795 132.511 22.1973 132.793 21.512Z" fill="#662910"/>
<path d="M158.908 8.83499C159.724 8.36135 160.968 8.28077 161.867 8.49239C162.316 8.59317 162.64 8.7846 163.059 8.95591C163.383 9.08692 163.812 9.17761 164.177 9.32877C165.077 9.71171 165.798 10.4171 166.007 11.3543C166.122 11.8884 166.321 12.4729 166.31 13.0272C166.3 13.7125 165.787 14.0954 165.683 14.7605C165.589 15.3349 164.658 15.1736 164.658 14.6295C164.648 13.8434 164.826 13.1078 164.784 12.4024C164.69 12.4125 164.585 12.4024 164.481 12.352C163.968 12.09 163.561 11.6264 163.069 11.304C162.233 10.7598 161.323 10.4676 160.382 10.135C160.152 10.0544 160.037 9.8629 160.027 9.67143C159.954 9.63112 159.901 9.58076 159.87 9.51022C159.723 9.5606 159.577 9.62107 159.441 9.70169C158.856 10.0342 158.333 9.16754 158.908 8.83499Z" fill="#662910"/>
<path d="M165.487 12.9887C165.393 12.7368 164.724 11.2453 164.672 11.2453C164.609 10.681 164.055 10.4492 163.616 10.5903C161.316 8.8872 157.657 9.1593 154.928 8.95775C150.6 8.6252 146.219 8.40351 142.727 11.0539C139.863 13.2205 135.942 15.6794 134.175 18.7732C133.287 20.3452 133.945 22.1793 134.363 23.7917C134.154 24.5273 135.137 26.7746 135.869 26.956C135.984 26.9862 136.109 26.956 136.193 26.8854C136.977 26.1397 137.395 24.8397 137.584 23.8219C137.772 22.804 137.678 21.8367 138.409 20.97C139.131 20.1134 140.187 19.8816 140.845 18.884C140.992 18.6522 141.264 17.846 141.41 17.6444C142.455 16.2134 142.32 16.8081 143.574 16.6166C144.525 16.4755 145.226 16.5561 146.177 16.0925C147.076 15.6592 148.53 13.9461 149.471 13.815C150.746 13.6236 150.704 14.8833 151.53 15.4577C152.711 16.284 153.977 15.5987 155.283 15.8305C156.068 15.9514 156.632 16.3142 157.301 16.7072C158.911 17.6747 159.998 18.3599 161.985 18.3499C164.013 18.3398 165.655 17.453 165.958 15.4476C166.094 14.4902 165.853 13.9057 165.487 12.9887Z" fill="#662910"/>
<path d="M152.271 6.82976C152.271 6.82976 162.402 3.36314 167.033 2.41587C171.664 1.4686 174.676 1.28723 174.226 2.7283C173.776 4.16936 170.828 7.26313 163.646 8.75458C160.237 9.45999 139.223 13.632 139.223 13.632C139.223 13.632 138.847 11.2336 139.223 11.0421C139.6 10.8506 145.35 6.81971 146.291 6.75925C147.232 6.70886 152.271 6.82976 152.271 6.82976Z" fill="#F26555"/>
<path d="M137.205 12.0905C139.327 10.0952 141.314 9.22851 143.98 8.0293C146.917 6.70916 150.305 5.46966 153.598 5.56035C154.267 5.58051 154.267 6.58825 153.598 6.56809C150.21 6.4774 146.855 7.9084 143.865 9.25877C141.596 10.2766 139.756 11.1029 137.937 12.806C137.456 13.2595 136.714 12.544 137.205 12.0905Z" fill="#C93D2E"/>
<path d="M148.341 51.021C148.341 51.021 146.491 52.1799 140.019 51.021C133.548 49.8621 131.865 48.7334 131.865 48.7334C131.865 48.7334 111.384 54.024 105.979 58.972C100.574 63.93 100.093 67.0742 100.615 75.9725C101.138 84.8808 106.501 135.268 107.672 141.314C108.843 147.36 110.16 151.774 112.9 152.782C115.639 153.79 128.101 152.782 135.681 152.53C143.26 152.278 153.663 151.301 157.845 150.182C162.027 149.064 174.583 146.484 173.412 140.437C172.241 134.391 175.743 63.6882 174.719 62.4588C170.924 57.9239 148.341 51.021 148.341 51.021Z" fill="#FFA058"/>
<path d="M357.099 323.522C358.354 323.26 359.567 322.504 360.821 322.141C362.348 321.698 363.518 321.294 364.836 320.327C365.661 319.722 366.54 319.188 367.366 318.594C368.871 317.505 369.739 315.964 370.669 314.452C373.471 309.897 375.196 305.07 376.629 299.981C377.977 295.164 378.897 289.712 378.845 284.744C378.824 282.849 378.709 280.955 378.5 279.08C378.385 278.052 378.207 272.036 376.963 271.583C376.336 271.361 376.608 270.384 377.245 270.615C378.678 271.129 378.74 273.387 378.939 274.616C379.357 277.176 379.629 279.735 379.849 282.305C380.33 287.948 379.253 293.965 377.873 299.457C376.419 305.231 374.266 310.552 371.15 315.671C369.551 318.291 367.439 319.863 364.919 321.647C364.031 322.272 362.933 322.584 361.888 322.897C360.361 323.36 358.918 324.167 357.381 324.479C356.723 324.63 356.441 323.663 357.099 323.522Z" fill="#4F4D4D"/>
<path d="M267.339 276.894C267.109 275.171 266.764 273.417 266.304 271.744C265.749 269.679 264.641 267.855 263.554 265.99C262.582 264.327 261.641 262.614 260.585 260.992C259.529 259.369 257.783 258.14 256.215 256.941C253.695 255.016 249.984 252.728 246.795 252.104C246.137 251.973 246.419 251.005 247.078 251.136C249.817 251.67 252.054 253.363 254.427 254.633C255.609 255.268 256.57 255.893 257.626 256.739C258.755 257.646 260.135 258.362 260.961 259.561C262.895 262.383 264.547 265.507 266.157 268.5C267.631 271.241 268.091 274.465 268.478 277.509C268.687 279.081 269.283 280.502 269.513 282.054C269.701 283.293 269.67 284.633 269.764 285.873C270.015 289.299 269.534 293.038 269.043 296.434C268.102 302.914 266.387 309.907 262.456 315.369C260.512 318.07 258.63 321.103 255.452 322.585C253.737 323.381 252.075 324.328 250.36 325.104C249.346 325.568 248.259 325.598 247.255 326.011C246.638 326.263 246.367 325.285 246.973 325.044C248.405 324.469 249.796 324.237 251.197 323.492C252.733 322.665 254.49 322.061 255.964 321.164C257.909 319.975 258.829 318.312 260.156 316.599C261.798 314.483 262.895 312.659 263.983 310.23C267.161 303.085 268.938 294.953 268.719 287.112C268.677 285.742 268.625 284.321 268.541 282.95C268.436 280.955 267.621 278.909 267.339 276.894Z" fill="#4F4D4D"/>
<path d="M41.4207 192.336C45.1739 192.578 48.4043 194.311 51.5406 196.145C52.8788 196.931 54.3949 197.768 55.5658 198.766C56.6844 199.713 57.2698 200.972 58.0748 202.152C58.4407 202.696 57.5415 203.2 57.1756 202.655C56.2869 201.345 55.524 200.146 54.2694 199.138C53.2658 198.332 52.1261 197.657 51.0179 197.002C48.0906 195.279 44.9439 193.555 41.4311 193.324C40.7516 193.304 40.7516 192.296 41.4207 192.336Z" fill="#4F4D4D"/>
<path d="M61.3889 205.839C64.588 208.792 66.8567 212.833 68.519 216.743C69.3763 218.769 70.4323 220.814 70.9341 222.931C71.4255 225.017 72.4082 227.203 72.5232 229.37C72.5546 230.015 71.5091 230.015 71.4778 229.37C71.3837 227.385 70.3382 225.51 69.8991 223.586C69.4809 221.741 68.7699 220.028 68.0172 218.255C66.2504 214.083 64.0758 209.699 60.6571 206.545C60.1657 206.101 60.9079 205.386 61.3889 205.839Z" fill="#4F4D4D"/>
<path d="M75.3985 250.342C75.4089 247.611 75.3252 245.041 74.9906 242.33C74.7815 240.678 74.677 238.975 74.1961 237.382C73.8929 236.354 73.6004 235.478 73.569 234.409C73.5481 233.765 74.5935 233.765 74.6144 234.409C74.6458 235.548 75.1371 236.264 75.4089 237.302C75.7853 238.743 75.7851 240.416 75.9837 241.897C76.3496 244.749 76.4543 247.47 76.4439 250.342C76.4334 253.032 76.3707 255.693 76.193 258.384C75.9944 261.336 75.043 264.218 74.8758 267.161C74.834 267.806 73.7885 267.806 73.8304 267.161C73.9872 264.369 74.8862 261.649 75.1162 258.847C75.3462 256.015 75.388 253.184 75.3985 250.342Z" fill="#4F4D4D"/>
<path d="M61.0233 299.981C62.6333 299.034 63.6161 297.31 64.6825 295.9C65.9789 294.197 67.1289 292.463 68.0594 290.549C69.1467 288.291 70.0145 285.923 70.9868 283.625C71.7918 281.731 72.9836 279.332 73.0464 277.246C73.0673 276.601 74.1128 276.601 74.0919 277.246C74.0187 279.453 72.8477 281.882 71.9904 283.897C70.9763 286.286 70.0875 288.724 68.9584 291.062C67.8188 293.421 66.261 295.416 64.7345 297.542C63.8563 298.772 62.8947 300.072 61.546 300.868C60.971 301.19 60.4483 300.313 61.0233 299.981Z" fill="#4F4D4D"/>
<path d="M88.9919 234.911C94.3134 234.387 99.7707 234.276 105.113 234.155C110.79 234.024 116.477 233.903 122.186 233.903C122.855 233.903 122.855 234.911 122.186 234.911C116.477 234.911 110.8 234.961 105.113 235.163C99.7602 235.354 94.3238 235.395 88.9919 235.919C88.3228 235.979 88.3228 234.972 88.9919 234.911Z" fill="#4F4D4D"/>
<path d="M99.4464 238.692C106.43 238.036 113.602 238.44 120.617 238.44C121.286 238.44 121.286 239.447 120.617 239.447C113.602 239.447 106.43 239.044 99.4464 239.699C98.7773 239.76 98.7773 238.752 99.4464 238.692Z" fill="#4F4D4D"/>
<path d="M92.1257 270.688C97.2904 270.688 102.424 270.446 107.578 270.436C110.39 270.436 113.213 270.436 116.025 270.436C117.29 270.436 118.555 270.426 119.82 270.436C120.782 270.436 122.654 270.779 123.49 270.255C124.055 269.902 124.577 270.769 124.013 271.121C122.674 271.958 120.385 271.444 118.879 271.444H109.554C103.73 271.444 97.949 271.696 92.1257 271.696C91.4566 271.696 91.4462 270.688 92.1257 270.688Z" fill="#4F4D4D"/>
<path d="M62.0703 200.902C64.8721 200.55 67.6426 200.721 70.4236 200.227C72.5982 199.844 74.9086 199.532 77.125 199.562C82.3942 199.643 87.653 200.056 92.9117 200.147C93.5809 200.157 93.5809 201.164 92.9117 201.154C87.6426 201.064 82.4046 200.6 77.125 200.57C74.6263 200.55 72.0336 201.053 69.5767 201.436C67.0989 201.829 64.5794 201.598 62.0807 201.91C61.4012 201.991 61.4116 200.983 62.0703 200.902Z" fill="#4F4D4D"/>
<path d="M48.2185 68.9585C49.3685 69.4422 50.2883 71.0041 51.1874 71.8103C51.8356 72.3847 52.4421 73.0096 53.1112 73.5538C53.4249 73.8057 53.7489 74.0878 54.1358 74.239C54.5958 74.4103 55.0663 74.2692 55.5263 74.4002C57.6591 74.9847 57.9204 77.6855 58.0877 79.4087C58.4431 82.9761 58.788 87.0675 59.7708 90.514C60.9626 94.6658 61.1927 99.1401 61.6945 103.403C61.9664 105.67 62.0815 108.22 62.6356 110.437C63.1897 112.674 64.2351 114.75 64.9356 116.937C66.1379 120.706 65.9184 124.676 66.5247 128.536C67.9257 137.404 70.5498 145.939 72.5048 154.666C72.5467 154.838 72.4943 154.979 72.4002 155.09C72.442 155.08 72.4735 155.049 72.5258 155.049C72.6094 155.049 72.6931 155.049 72.7976 155.049C79.3318 155.049 85.8346 155.2 92.3375 155.049C98.4535 154.908 104.528 154.566 110.654 154.545C110.665 154.545 110.675 154.535 110.686 154.535H111.125C111.794 154.535 111.794 155.543 111.125 155.543C104.841 155.543 98.5999 155.845 92.327 156.047C86.4828 156.238 80.6281 156.097 74.763 156.057C76.1221 156.49 77.4708 157.095 78.7463 157.569C81.3809 158.556 84.0363 159.453 86.7336 160.259C92.5465 162.003 98.4116 163.585 104.203 165.409C109.598 167.102 115.014 168.825 120.534 170.145C123.221 170.79 125.625 171.868 128.26 172.685C129.044 172.927 129.954 172.987 130.476 173.551C133.435 174.025 135.819 175.466 138.171 177.23C141.088 179.406 143.9 181.885 145.5 185.08C145.636 185.352 145.74 185.725 145.5 185.916C145.176 186.168 144.747 185.775 144.528 185.422C142.625 182.369 140.011 179.739 136.958 177.744C134.763 176.302 132.295 175.355 129.828 174.478C127.392 173.612 125.019 172.443 122.562 171.677C120.722 171.103 118.83 170.74 116.99 170.206C111.783 168.684 106.608 167.223 101.423 165.6C96.0489 163.917 90.5705 162.345 85.134 160.854C80.8894 159.685 76.7598 157.115 72.3793 156.531C72.212 156.51 72.1074 156.43 72.0551 156.329C71.1978 156.893 70.3406 158.173 69.8179 158.667C68.8665 159.564 67.8209 160.37 66.8277 161.227C65.9077 162.023 64.7995 162.748 63.9736 163.635C63.4509 164.2 63.2733 164.895 62.5938 165.298C62.0187 165.641 61.496 164.764 62.071 164.431C62.4892 164.179 62.5833 163.665 62.8656 163.303C63.1897 162.889 63.66 162.577 64.0573 162.234C65.291 161.186 66.4933 160.098 67.7479 159.07C68.9188 158.123 69.9226 157.065 70.9785 156.007C71.3026 155.684 71.5638 155.432 71.8775 155.261C71.6997 155.241 71.543 155.13 71.4908 154.908C69.6716 146.746 67.1102 138.754 65.772 130.471C65.1343 126.51 65.0505 122.53 64.2873 118.61C63.5555 114.871 61.59 111.566 61.2137 107.696C60.9732 105.237 60.6282 102.718 60.21 100.289C59.8441 98.1525 59.8337 96.0061 59.4887 93.8697C59.196 92.0961 58.5371 90.4232 58.2235 88.6597C57.9098 86.9062 57.9832 85.1024 57.6487 83.3489C57.3455 81.797 57.1467 80.3358 56.969 78.7738C56.8644 77.887 56.8121 76.3552 55.8712 75.7808C55.0243 75.2669 53.9476 75.3979 53.1217 74.7731C52.4317 74.2491 51.8147 73.6343 51.1456 73.0801C50.4242 72.4855 49.7342 71.8607 49.0965 71.1855C48.6574 70.722 48.3125 70.067 47.6957 69.8049C47.0789 69.5631 47.6121 68.6965 48.2185 68.9585Z" fill="#4F4D4D"/>
<path d="M204.192 122.489C206.22 122.237 208.175 123.879 208.771 126.52C209.367 129.16 205.635 137.353 203.742 138.109C201.85 138.864 195.117 133.906 195.117 133.906L188.907 131.246L193.078 121.924C193.078 121.924 198.965 125.512 199.749 125.33C200.533 125.149 202.164 122.741 204.192 122.489Z" fill="#FFB292"/>
<path d="M196.874 120.907C196.874 120.907 199.153 121.532 198.86 122.731C198.567 123.93 197.846 126.51 195.828 129.664C193.811 132.818 193.089 133.796 192.629 133.897C192.169 134.007 189.231 132.496 189.231 132.496L196.874 120.907Z" fill="#1B6003"/>
<path d="M155.671 100.975C155.671 100.975 197.218 118.963 197.72 120.696C198.065 121.915 192.241 133.373 190.328 133.877C188.415 134.381 144.107 123.296 144.107 123.296L155.671 100.975Z" fill="#FFA058"/>
<path d="M255.222 137.534C256.592 137.846 257.773 140.527 253.654 145.868C249.535 151.199 246.534 151.138 245.813 150.635C245.091 150.131 246.534 145.868 250.455 141.253C252.096 139.318 253.852 137.222 255.222 137.534Z" fill="#FFB292"/>
<path d="M120.03 57.875C121.651 58.4696 122.989 59.6285 124.369 60.6362C128.007 63.3067 130.171 67.9826 132.618 71.6205C133.967 73.6259 135.587 75.3794 136.925 77.3948C138.357 79.5514 139.811 81.5769 141.442 83.6024C144.714 87.6636 147.296 92.1984 150.6 96.2395C150.663 96.31 150.694 96.3906 150.705 96.4712C150.746 96.4813 150.799 96.4813 150.84 96.5014C154.646 98.0936 158.201 100.19 161.86 102.074C165.446 103.918 169 105.722 172.45 107.748C173.025 108.09 172.502 108.957 171.927 108.614C168.477 106.579 164.923 104.775 161.337 102.941C157.678 101.056 154.113 98.9503 150.318 97.3681C150.171 97.3077 150.088 97.2069 150.056 97.096C149.983 97.0658 149.92 97.0255 149.858 96.9549C147.265 93.7806 144.86 90.4248 142.592 87.0388C140.156 83.4211 137.427 79.9847 134.949 76.4073C133.768 74.7042 132.409 73.1724 131.248 71.419C129.983 69.5144 128.635 67.65 127.401 65.7353C126.199 63.8811 125.028 62.44 123.209 61.1098C122.205 60.3742 121.17 59.689 120.072 59.0843C119.079 58.5301 116.539 58.0564 115.932 58.0362C115.472 58.0262 114.824 55.9805 120.03 57.875Z" fill="#F57F25"/>
<path d="M104.34 75.015C104.747 75.7304 104.82 76.4963 105.019 77.2622C105.563 79.328 106.284 81.1218 107.152 83.0668C108.657 86.4527 110.382 89.738 112.672 92.7108C117.241 98.6463 122.092 104.824 127.768 109.832C133.665 115.052 141.056 119.053 148.511 121.794C156.132 124.596 164.005 127.387 172.002 129.019C172.661 129.15 172.379 130.128 171.72 129.987C163.409 128.284 155.358 125.301 147.402 122.469C140.513 120.02 133.393 116.04 127.936 111.314C122.092 106.255 117.335 100.097 112.526 94.1619C111.24 92.5697 110.372 91.0177 109.253 89.3247C108.281 87.8434 107.434 86.7853 106.859 85.1326C106.232 83.3489 105.176 81.7466 104.611 79.9327C104.193 78.5924 104.172 76.7684 103.451 75.5188C103.106 74.9545 104.015 74.4506 104.34 75.015Z" fill="#F57F25"/>
<path d="M224.032 175.607C225.38 176.473 227.116 176.151 228.642 176.252C229.918 176.332 231.193 176.494 232.469 176.594C235.354 176.816 238.187 177.259 241.052 177.562C247.774 178.257 254.497 178.983 261.209 179.658C267.952 180.343 274.612 181.462 281.345 182.197C284.742 182.57 288.161 182.862 291.569 183.155C294.779 183.437 297.936 184.213 301.125 184.445C301.794 184.495 301.794 185.503 301.125 185.452C297.758 185.21 294.444 184.414 291.067 184.112C287.659 183.81 284.24 183.517 280.832 183.145C273.587 182.338 266.405 181.22 259.16 180.444C252.51 179.738 245.809 179.194 239.17 178.358C236.326 177.995 233.514 177.713 230.66 177.471C228.454 177.28 225.412 177.723 223.498 176.484C222.944 176.121 223.467 175.244 224.032 175.607Z" fill="#29536B"/>
<path d="M225.907 227.608C227.182 227.608 228.217 226.61 228.217 225.381V191.602C228.217 190.372 227.182 189.375 225.907 189.375C224.631 189.375 223.596 190.372 223.596 191.602V225.381C223.596 226.61 224.631 227.608 225.907 227.608Z" fill="#29536B"/>
<path d="M235.116 228.916C236.392 228.916 237.426 227.918 237.426 226.688V192.909C237.426 191.68 236.392 190.682 235.116 190.682C233.841 190.682 232.805 191.68 232.805 192.909V226.688C232.805 227.918 233.841 228.916 235.116 228.916Z" fill="#29536B"/>
<path d="M244.325 229.229C245.601 229.229 246.636 228.231 246.636 227.002V193.223C246.636 191.993 245.601 190.996 244.325 190.996C243.05 190.996 242.015 191.993 242.015 193.223V227.002C242.015 228.231 243.05 229.229 244.325 229.229Z" fill="#29536B"/>
<path d="M253.535 232.564C254.81 232.564 255.845 231.567 255.845 230.337V196.558C255.845 195.328 254.81 194.331 253.535 194.331C252.26 194.331 251.225 195.328 251.225 196.558V230.337C251.225 231.567 252.26 232.564 253.535 232.564Z" fill="#29536B"/>
</svg>
